id	x	y
52	610012.6631	5689244.863
53	614012.6631	5689244.863
54	618012.6631	5689244.863
55	622012.6631	5689244.863
56	626012.6631	5689244.863
57	630012.6631	5689244.863
58	634012.6631	5689244.863
59	638012.6631	5689244.863
60	642012.6631	5689244.863
61	646012.6631	5689244.863
62	650012.6631	5689244.863
63	654012.6631	5689244.863
91	602012.6631	5685244.863
92	606012.6631	5685244.863
93	610012.6631	5685244.863
94	614012.6631	5685244.863
95	618012.6631	5685244.863
96	622012.6631	5685244.863
97	626012.6631	5685244.863
98	630012.6631	5685244.863
99	634012.6631	5685244.863
100	638012.6631	5685244.863
101	642012.6631	5685244.863
102	646012.6631	5685244.863
103	650012.6631	5685244.863
104	654012.6631	5685244.863
105	658012.6631	5685244.863
106	662012.6631	5685244.863
107	666012.6631	5685244.863
131	598012.6631	5681244.863
132	602012.6631	5681244.863
133	606012.6631	5681244.863
134	610012.6631	5681244.863
135	614012.6631	5681244.863
136	618012.6631	5681244.863
137	622012.6631	5681244.863
138	626012.6631	5681244.863
139	630012.6631	5681244.863
140	634012.6631	5681244.863
141	638012.6631	5681244.863
142	642012.6631	5681244.863
143	646012.6631	5681244.863
144	650012.6631	5681244.863
145	654012.6631	5681244.863
146	658012.6631	5681244.863
147	662012.6631	5681244.863
148	666012.6631	5681244.863
149	670012.6631	5681244.863
150	674012.6631	5681244.863
171	594012.6631	5677244.863
172	598012.6631	5677244.863
173	602012.6631	5677244.863
174	606012.6631	5677244.863
175	610012.6631	5677244.863
176	614012.6631	5677244.863
177	618012.6631	5677244.863
178	622012.6631	5677244.863
179	626012.6631	5677244.863
180	630012.6631	5677244.863
181	634012.6631	5677244.863
182	638012.6631	5677244.863
183	642012.6631	5677244.863
184	646012.6631	5677244.863
185	650012.6631	5677244.863
186	654012.6631	5677244.863
187	658012.6631	5677244.863
188	662012.6631	5677244.863
189	666012.6631	5677244.863
190	670012.6631	5677244.863
191	674012.6631	5677244.863
192	678012.6631	5677244.863
211	590012.6631	5673244.863
212	594012.6631	5673244.863
213	598012.6631	5673244.863
214	602012.6631	5673244.863
215	606012.6631	5673244.863
216	610012.6631	5673244.863
217	614012.6631	5673244.863
218	618012.6631	5673244.863
219	622012.6631	5673244.863
220	626012.6631	5673244.863
221	630012.6631	5673244.863
222	634012.6631	5673244.863
223	638012.6631	5673244.863
224	642012.6631	5673244.863
225	646012.6631	5673244.863
226	650012.6631	5673244.863
227	654012.6631	5673244.863
228	658012.6631	5673244.863
229	662012.6631	5673244.863
230	666012.6631	5673244.863
231	670012.6631	5673244.863
232	674012.6631	5673244.863
233	678012.6631	5673244.863
252	590012.6631	5669244.863
253	594012.6631	5669244.863
254	598012.6631	5669244.863
255	602012.6631	5669244.863
256	606012.6631	5669244.863
257	610012.6631	5669244.863
258	614012.6631	5669244.863
259	618012.6631	5669244.863
260	622012.6631	5669244.863
261	626012.6631	5669244.863
262	630012.6631	5669244.863
263	634012.6631	5669244.863
264	638012.6631	5669244.863
265	642012.6631	5669244.863
266	646012.6631	5669244.863
267	650012.6631	5669244.863
268	654012.6631	5669244.863
269	658012.6631	5669244.863
270	662012.6631	5669244.863
271	666012.6631	5669244.863
272	670012.6631	5669244.863
273	674012.6631	5669244.863
274	678012.6631	5669244.863
275	682012.6631	5669244.863
276	686012.6631	5669244.863
292	586012.6631	5665244.863
293	590012.6631	5665244.863
294	594012.6631	5665244.863
295	598012.6631	5665244.863
296	602012.6631	5665244.863
297	606012.6631	5665244.863
298	610012.6631	5665244.863
299	614012.6631	5665244.863
300	618012.6631	5665244.863
301	622012.6631	5665244.863
302	626012.6631	5665244.863
303	630012.6631	5665244.863
304	634012.6631	5665244.863
305	638012.6631	5665244.863
306	642012.6631	5665244.863
307	646012.6631	5665244.863
308	650012.6631	5665244.863
309	654012.6631	5665244.863
310	658012.6631	5665244.863
311	662012.6631	5665244.863
312	666012.6631	5665244.863
313	670012.6631	5665244.863
314	674012.6631	5665244.863
315	678012.6631	5665244.863
316	682012.6631	5665244.863
317	686012.6631	5665244.863
318	690012.6631	5665244.863
333	586012.6631	5661244.863
334	590012.6631	5661244.863
335	594012.6631	5661244.863
336	598012.6631	5661244.863
337	602012.6631	5661244.863
338	606012.6631	5661244.863
339	610012.6631	5661244.863
340	614012.6631	5661244.863
341	618012.6631	5661244.863
342	622012.6631	5661244.863
343	626012.6631	5661244.863
344	630012.6631	5661244.863
345	634012.6631	5661244.863
346	638012.6631	5661244.863
347	642012.6631	5661244.863
348	646012.6631	5661244.863
349	650012.6631	5661244.863
350	654012.6631	5661244.863
351	658012.6631	5661244.863
352	662012.6631	5661244.863
353	666012.6631	5661244.863
354	670012.6631	5661244.863
355	674012.6631	5661244.863
356	678012.6631	5661244.863
357	682012.6631	5661244.863
358	686012.6631	5661244.863
359	690012.6631	5661244.863
360	694012.6631	5661244.863
373	582012.6631	5657244.863
374	586012.6631	5657244.863
375	590012.6631	5657244.863
376	594012.6631	5657244.863
377	598012.6631	5657244.863
378	602012.6631	5657244.863
379	606012.6631	5657244.863
380	610012.6631	5657244.863
381	614012.6631	5657244.863
382	618012.6631	5657244.863
383	622012.6631	5657244.863
384	626012.6631	5657244.863
385	630012.6631	5657244.863
386	634012.6631	5657244.863
387	638012.6631	5657244.863
388	642012.6631	5657244.863
389	646012.6631	5657244.863
390	650012.6631	5657244.863
391	654012.6631	5657244.863
392	658012.6631	5657244.863
393	662012.6631	5657244.863
394	666012.6631	5657244.863
395	670012.6631	5657244.863
396	674012.6631	5657244.863
397	678012.6631	5657244.863
398	682012.6631	5657244.863
399	686012.6631	5657244.863
400	690012.6631	5657244.863
401	694012.6631	5657244.863
402	698012.6631	5657244.863
414	582012.6631	5653244.863
415	586012.6631	5653244.863
416	590012.6631	5653244.863
417	594012.6631	5653244.863
418	598012.6631	5653244.863
419	602012.6631	5653244.863
420	606012.6631	5653244.863
421	610012.6631	5653244.863
422	614012.6631	5653244.863
423	618012.6631	5653244.863
424	622012.6631	5653244.863
425	626012.6631	5653244.863
426	630012.6631	5653244.863
427	634012.6631	5653244.863
428	638012.6631	5653244.863
429	642012.6631	5653244.863
430	646012.6631	5653244.863
431	650012.6631	5653244.863
432	654012.6631	5653244.863
433	658012.6631	5653244.863
434	662012.6631	5653244.863
435	666012.6631	5653244.863
436	670012.6631	5653244.863
437	674012.6631	5653244.863
438	678012.6631	5653244.863
439	682012.6631	5653244.863
440	686012.6631	5653244.863
441	690012.6631	5653244.863
442	694012.6631	5653244.863
443	698012.6631	5653244.863
454	578012.6631	5649244.863
455	582012.6631	5649244.863
456	586012.6631	5649244.863
457	590012.6631	5649244.863
458	594012.6631	5649244.863
459	598012.6631	5649244.863
460	602012.6631	5649244.863
461	606012.6631	5649244.863
462	610012.6631	5649244.863
463	614012.6631	5649244.863
464	618012.6631	5649244.863
465	622012.6631	5649244.863
466	626012.6631	5649244.863
467	630012.6631	5649244.863
468	634012.6631	5649244.863
469	638012.6631	5649244.863
470	642012.6631	5649244.863
471	646012.6631	5649244.863
472	650012.6631	5649244.863
473	654012.6631	5649244.863
474	658012.6631	5649244.863
475	662012.6631	5649244.863
476	666012.6631	5649244.863
477	670012.6631	5649244.863
478	674012.6631	5649244.863
479	678012.6631	5649244.863
480	682012.6631	5649244.863
481	686012.6631	5649244.863
482	690012.6631	5649244.863
483	694012.6631	5649244.863
484	698012.6631	5649244.863
485	702012.6631	5649244.863
495	578012.6631	5645244.863
496	582012.6631	5645244.863
497	586012.6631	5645244.863
498	590012.6631	5645244.863
499	594012.6631	5645244.863
500	598012.6631	5645244.863
501	602012.6631	5645244.863
502	606012.6631	5645244.863
503	610012.6631	5645244.863
504	614012.6631	5645244.863
505	618012.6631	5645244.863
506	622012.6631	5645244.863
507	626012.6631	5645244.863
508	630012.6631	5645244.863
509	634012.6631	5645244.863
510	638012.6631	5645244.863
511	642012.6631	5645244.863
512	646012.6631	5645244.863
513	650012.6631	5645244.863
514	654012.6631	5645244.863
515	658012.6631	5645244.863
516	662012.6631	5645244.863
517	666012.6631	5645244.863
518	670012.6631	5645244.863
519	674012.6631	5645244.863
520	678012.6631	5645244.863
521	682012.6631	5645244.863
522	686012.6631	5645244.863
523	690012.6631	5645244.863
524	694012.6631	5645244.863
525	698012.6631	5645244.863
526	702012.6631	5645244.863
536	578012.6631	5641244.863
537	582012.6631	5641244.863
538	586012.6631	5641244.863
539	590012.6631	5641244.863
540	594012.6631	5641244.863
541	598012.6631	5641244.863
542	602012.6631	5641244.863
543	606012.6631	5641244.863
544	610012.6631	5641244.863
545	614012.6631	5641244.863
546	618012.6631	5641244.863
547	622012.6631	5641244.863
548	626012.6631	5641244.863
549	630012.6631	5641244.863
550	634012.6631	5641244.863
551	638012.6631	5641244.863
552	642012.6631	5641244.863
553	646012.6631	5641244.863
554	650012.6631	5641244.863
555	654012.6631	5641244.863
556	658012.6631	5641244.863
557	662012.6631	5641244.863
558	666012.6631	5641244.863
559	670012.6631	5641244.863
560	674012.6631	5641244.863
561	678012.6631	5641244.863
562	682012.6631	5641244.863
563	686012.6631	5641244.863
564	690012.6631	5641244.863
565	694012.6631	5641244.863
566	698012.6631	5641244.863
567	702012.6631	5641244.863
568	706012.6631	5641244.863
576	574012.6631	5637244.863
577	578012.6631	5637244.863
578	582012.6631	5637244.863
579	586012.6631	5637244.863
580	590012.6631	5637244.863
581	594012.6631	5637244.863
582	598012.6631	5637244.863
583	602012.6631	5637244.863
584	606012.6631	5637244.863
585	610012.6631	5637244.863
586	614012.6631	5637244.863
587	618012.6631	5637244.863
588	622012.6631	5637244.863
589	626012.6631	5637244.863
590	630012.6631	5637244.863
591	634012.6631	5637244.863
592	638012.6631	5637244.863
593	642012.6631	5637244.863
594	646012.6631	5637244.863
595	650012.6631	5637244.863
596	654012.6631	5637244.863
597	658012.6631	5637244.863
598	662012.6631	5637244.863
599	666012.6631	5637244.863
600	670012.6631	5637244.863
601	674012.6631	5637244.863
602	678012.6631	5637244.863
603	682012.6631	5637244.863
604	686012.6631	5637244.863
605	690012.6631	5637244.863
606	694012.6631	5637244.863
607	698012.6631	5637244.863
608	702012.6631	5637244.863
609	706012.6631	5637244.863
617	574012.6631	5633244.863
618	578012.6631	5633244.863
619	582012.6631	5633244.863
620	586012.6631	5633244.863
621	590012.6631	5633244.863
622	594012.6631	5633244.863
623	598012.6631	5633244.863
624	602012.6631	5633244.863
625	606012.6631	5633244.863
626	610012.6631	5633244.863
627	614012.6631	5633244.863
628	618012.6631	5633244.863
629	622012.6631	5633244.863
630	626012.6631	5633244.863
631	630012.6631	5633244.863
632	634012.6631	5633244.863
633	638012.6631	5633244.863
634	642012.6631	5633244.863
635	646012.6631	5633244.863
636	650012.6631	5633244.863
637	654012.6631	5633244.863
638	658012.6631	5633244.863
639	662012.6631	5633244.863
640	666012.6631	5633244.863
641	670012.6631	5633244.863
642	674012.6631	5633244.863
643	678012.6631	5633244.863
644	682012.6631	5633244.863
645	686012.6631	5633244.863
646	690012.6631	5633244.863
647	694012.6631	5633244.863
648	698012.6631	5633244.863
649	702012.6631	5633244.863
650	706012.6631	5633244.863
651	710012.6631	5633244.863
659	578012.6631	5629244.863
660	582012.6631	5629244.863
661	586012.6631	5629244.863
662	590012.6631	5629244.863
663	594012.6631	5629244.863
664	598012.6631	5629244.863
665	602012.6631	5629244.863
666	606012.6631	5629244.863
667	610012.6631	5629244.863
668	614012.6631	5629244.863
669	618012.6631	5629244.863
670	622012.6631	5629244.863
671	626012.6631	5629244.863
672	630012.6631	5629244.863
673	634012.6631	5629244.863
674	638012.6631	5629244.863
675	642012.6631	5629244.863
676	646012.6631	5629244.863
677	650012.6631	5629244.863
678	654012.6631	5629244.863
679	658012.6631	5629244.863
680	662012.6631	5629244.863
681	666012.6631	5629244.863
682	670012.6631	5629244.863
683	674012.6631	5629244.863
684	678012.6631	5629244.863
685	682012.6631	5629244.863
686	686012.6631	5629244.863
687	690012.6631	5629244.863
688	694012.6631	5629244.863
689	698012.6631	5629244.863
690	702012.6631	5629244.863
691	706012.6631	5629244.863
692	710012.6631	5629244.863
700	578012.6631	5625244.863
701	582012.6631	5625244.863
702	586012.6631	5625244.863
703	590012.6631	5625244.863
704	594012.6631	5625244.863
705	598012.6631	5625244.863
706	602012.6631	5625244.863
707	606012.6631	5625244.863
708	610012.6631	5625244.863
709	614012.6631	5625244.863
710	618012.6631	5625244.863
711	622012.6631	5625244.863
712	626012.6631	5625244.863
713	630012.6631	5625244.863
714	634012.6631	5625244.863
715	638012.6631	5625244.863
716	642012.6631	5625244.863
717	646012.6631	5625244.863
718	650012.6631	5625244.863
719	654012.6631	5625244.863
720	658012.6631	5625244.863
721	662012.6631	5625244.863
722	666012.6631	5625244.863
723	670012.6631	5625244.863
724	674012.6631	5625244.863
725	678012.6631	5625244.863
726	682012.6631	5625244.863
727	686012.6631	5625244.863
728	690012.6631	5625244.863
729	694012.6631	5625244.863
730	698012.6631	5625244.863
731	702012.6631	5625244.863
732	706012.6631	5625244.863
733	710012.6631	5625244.863
734	714012.6631	5625244.863
741	578012.6631	5621244.863
742	582012.6631	5621244.863
743	586012.6631	5621244.863
744	590012.6631	5621244.863
745	594012.6631	5621244.863
746	598012.6631	5621244.863
747	602012.6631	5621244.863
748	606012.6631	5621244.863
749	610012.6631	5621244.863
750	614012.6631	5621244.863
751	618012.6631	5621244.863
752	622012.6631	5621244.863
753	626012.6631	5621244.863
754	630012.6631	5621244.863
755	634012.6631	5621244.863
756	638012.6631	5621244.863
757	642012.6631	5621244.863
758	646012.6631	5621244.863
759	650012.6631	5621244.863
760	654012.6631	5621244.863
761	658012.6631	5621244.863
762	662012.6631	5621244.863
763	666012.6631	5621244.863
764	670012.6631	5621244.863
765	674012.6631	5621244.863
766	678012.6631	5621244.863
767	682012.6631	5621244.863
768	686012.6631	5621244.863
769	690012.6631	5621244.863
770	694012.6631	5621244.863
771	698012.6631	5621244.863
772	702012.6631	5621244.863
773	706012.6631	5621244.863
774	710012.6631	5621244.863
775	714012.6631	5621244.863
782	578012.6631	5617244.863
783	582012.6631	5617244.863
784	586012.6631	5617244.863
785	590012.6631	5617244.863
786	594012.6631	5617244.863
787	598012.6631	5617244.863
788	602012.6631	5617244.863
789	606012.6631	5617244.863
790	610012.6631	5617244.863
791	614012.6631	5617244.863
792	618012.6631	5617244.863
793	622012.6631	5617244.863
794	626012.6631	5617244.863
795	630012.6631	5617244.863
796	634012.6631	5617244.863
797	638012.6631	5617244.863
798	642012.6631	5617244.863
799	646012.6631	5617244.863
800	650012.6631	5617244.863
801	654012.6631	5617244.863
802	658012.6631	5617244.863
803	662012.6631	5617244.863
804	666012.6631	5617244.863
805	670012.6631	5617244.863
806	674012.6631	5617244.863
807	678012.6631	5617244.863
808	682012.6631	5617244.863
809	686012.6631	5617244.863
810	690012.6631	5617244.863
811	694012.6631	5617244.863
812	698012.6631	5617244.863
813	702012.6631	5617244.863
814	706012.6631	5617244.863
815	710012.6631	5617244.863
816	714012.6631	5617244.863
824	582012.6631	5613244.863
825	586012.6631	5613244.863
826	590012.6631	5613244.863
827	594012.6631	5613244.863
828	598012.6631	5613244.863
829	602012.6631	5613244.863
830	606012.6631	5613244.863
831	610012.6631	5613244.863
832	614012.6631	5613244.863
833	618012.6631	5613244.863
834	622012.6631	5613244.863
835	626012.6631	5613244.863
836	630012.6631	5613244.863
837	634012.6631	5613244.863
838	638012.6631	5613244.863
839	642012.6631	5613244.863
840	646012.6631	5613244.863
841	650012.6631	5613244.863
842	654012.6631	5613244.863
843	658012.6631	5613244.863
844	662012.6631	5613244.863
845	666012.6631	5613244.863
846	670012.6631	5613244.863
847	674012.6631	5613244.863
848	678012.6631	5613244.863
849	682012.6631	5613244.863
850	686012.6631	5613244.863
851	690012.6631	5613244.863
852	694012.6631	5613244.863
853	698012.6631	5613244.863
854	702012.6631	5613244.863
855	706012.6631	5613244.863
856	710012.6631	5613244.863
857	714012.6631	5613244.863
865	582012.6631	5609244.863
866	586012.6631	5609244.863
867	590012.6631	5609244.863
868	594012.6631	5609244.863
869	598012.6631	5609244.863
870	602012.6631	5609244.863
871	606012.6631	5609244.863
872	610012.6631	5609244.863
873	614012.6631	5609244.863
874	618012.6631	5609244.863
875	622012.6631	5609244.863
876	626012.6631	5609244.863
877	630012.6631	5609244.863
878	634012.6631	5609244.863
879	638012.6631	5609244.863
880	642012.6631	5609244.863
881	646012.6631	5609244.863
882	650012.6631	5609244.863
883	654012.6631	5609244.863
884	658012.6631	5609244.863
885	662012.6631	5609244.863
886	666012.6631	5609244.863
887	670012.6631	5609244.863
888	674012.6631	5609244.863
889	678012.6631	5609244.863
890	682012.6631	5609244.863
891	686012.6631	5609244.863
892	690012.6631	5609244.863
893	694012.6631	5609244.863
894	698012.6631	5609244.863
895	702012.6631	5609244.863
896	706012.6631	5609244.863
897	710012.6631	5609244.863
898	714012.6631	5609244.863
907	586012.6631	5605244.863
908	590012.6631	5605244.863
909	594012.6631	5605244.863
910	598012.6631	5605244.863
911	602012.6631	5605244.863
912	606012.6631	5605244.863
913	610012.6631	5605244.863
914	614012.6631	5605244.863
915	618012.6631	5605244.863
916	622012.6631	5605244.863
917	626012.6631	5605244.863
918	630012.6631	5605244.863
919	634012.6631	5605244.863
920	638012.6631	5605244.863
921	642012.6631	5605244.863
922	646012.6631	5605244.863
923	650012.6631	5605244.863
924	654012.6631	5605244.863
925	658012.6631	5605244.863
926	662012.6631	5605244.863
927	666012.6631	5605244.863
928	670012.6631	5605244.863
929	674012.6631	5605244.863
930	678012.6631	5605244.863
931	682012.6631	5605244.863
932	686012.6631	5605244.863
933	690012.6631	5605244.863
934	694012.6631	5605244.863
935	698012.6631	5605244.863
936	702012.6631	5605244.863
937	706012.6631	5605244.863
938	710012.6631	5605244.863
939	714012.6631	5605244.863
948	586012.6631	5601244.863
949	590012.6631	5601244.863
950	594012.6631	5601244.863
951	598012.6631	5601244.863
952	602012.6631	5601244.863
953	606012.6631	5601244.863
954	610012.6631	5601244.863
955	614012.6631	5601244.863
956	618012.6631	5601244.863
957	622012.6631	5601244.863
958	626012.6631	5601244.863
959	630012.6631	5601244.863
960	634012.6631	5601244.863
961	638012.6631	5601244.863
962	642012.6631	5601244.863
963	646012.6631	5601244.863
964	650012.6631	5601244.863
965	654012.6631	5601244.863
966	658012.6631	5601244.863
967	662012.6631	5601244.863
968	666012.6631	5601244.863
969	670012.6631	5601244.863
970	674012.6631	5601244.863
971	678012.6631	5601244.863
972	682012.6631	5601244.863
973	686012.6631	5601244.863
974	690012.6631	5601244.863
975	694012.6631	5601244.863
976	698012.6631	5601244.863
977	702012.6631	5601244.863
978	706012.6631	5601244.863
979	710012.6631	5601244.863
980	714012.6631	5601244.863
989	586012.6631	5597244.863
990	590012.6631	5597244.863
991	594012.6631	5597244.863
992	598012.6631	5597244.863
993	602012.6631	5597244.863
994	606012.6631	5597244.863
995	610012.6631	5597244.863
996	614012.6631	5597244.863
997	618012.6631	5597244.863
998	622012.6631	5597244.863
999	626012.6631	5597244.863
1000	630012.6631	5597244.863
1001	634012.6631	5597244.863
1002	638012.6631	5597244.863
1003	642012.6631	5597244.863
1004	646012.6631	5597244.863
1005	650012.6631	5597244.863
1006	654012.6631	5597244.863
1007	658012.6631	5597244.863
1008	662012.6631	5597244.863
1009	666012.6631	5597244.863
1010	670012.6631	5597244.863
1011	674012.6631	5597244.863
1012	678012.6631	5597244.863
1013	682012.6631	5597244.863
1014	686012.6631	5597244.863
1015	690012.6631	5597244.863
1016	694012.6631	5597244.863
1017	698012.6631	5597244.863
1018	702012.6631	5597244.863
1019	706012.6631	5597244.863
1020	710012.6631	5597244.863
1030	586012.6631	5593244.863
1031	590012.6631	5593244.863
1032	594012.6631	5593244.863
1033	598012.6631	5593244.863
1034	602012.6631	5593244.863
1035	606012.6631	5593244.863
1036	610012.6631	5593244.863
1037	614012.6631	5593244.863
1038	618012.6631	5593244.863
1039	622012.6631	5593244.863
1040	626012.6631	5593244.863
1041	630012.6631	5593244.863
1042	634012.6631	5593244.863
1043	638012.6631	5593244.863
1044	642012.6631	5593244.863
1045	646012.6631	5593244.863
1046	650012.6631	5593244.863
1047	654012.6631	5593244.863
1048	658012.6631	5593244.863
1049	662012.6631	5593244.863
1050	666012.6631	5593244.863
1051	670012.6631	5593244.863
1052	674012.6631	5593244.863
1053	678012.6631	5593244.863
1054	682012.6631	5593244.863
1055	686012.6631	5593244.863
1056	690012.6631	5593244.863
1057	694012.6631	5593244.863
1058	698012.6631	5593244.863
1059	702012.6631	5593244.863
1060	706012.6631	5593244.863
1061	710012.6631	5593244.863
1072	590012.6631	5589244.863
1073	594012.6631	5589244.863
1074	598012.6631	5589244.863
1075	602012.6631	5589244.863
1076	606012.6631	5589244.863
1077	610012.6631	5589244.863
1078	614012.6631	5589244.863
1079	618012.6631	5589244.863
1080	622012.6631	5589244.863
1081	626012.6631	5589244.863
1082	630012.6631	5589244.863
1083	634012.6631	5589244.863
1084	638012.6631	5589244.863
1085	642012.6631	5589244.863
1086	646012.6631	5589244.863
1087	650012.6631	5589244.863
1088	654012.6631	5589244.863
1089	658012.6631	5589244.863
1090	662012.6631	5589244.863
1091	666012.6631	5589244.863
1092	670012.6631	5589244.863
1093	674012.6631	5589244.863
1094	678012.6631	5589244.863
1095	682012.6631	5589244.863
1096	686012.6631	5589244.863
1097	690012.6631	5589244.863
1098	694012.6631	5589244.863
1099	698012.6631	5589244.863
1100	702012.6631	5589244.863
1101	706012.6631	5589244.863
1102	710012.6631	5589244.863
1114	594012.6631	5585244.863
1115	598012.6631	5585244.863
1116	602012.6631	5585244.863
1117	606012.6631	5585244.863
1118	610012.6631	5585244.863
1119	614012.6631	5585244.863
1120	618012.6631	5585244.863
1121	622012.6631	5585244.863
1122	626012.6631	5585244.863
1123	630012.6631	5585244.863
1124	634012.6631	5585244.863
1125	638012.6631	5585244.863
1126	642012.6631	5585244.863
1127	646012.6631	5585244.863
1128	650012.6631	5585244.863
1129	654012.6631	5585244.863
1130	658012.6631	5585244.863
1131	662012.6631	5585244.863
1132	666012.6631	5585244.863
1133	670012.6631	5585244.863
1134	674012.6631	5585244.863
1135	678012.6631	5585244.863
1136	682012.6631	5585244.863
1137	686012.6631	5585244.863
1138	690012.6631	5585244.863
1139	694012.6631	5585244.863
1140	698012.6631	5585244.863
1141	702012.6631	5585244.863
1142	706012.6631	5585244.863
1143	710012.6631	5585244.863
1156	598012.6631	5581244.863
1157	602012.6631	5581244.863
1158	606012.6631	5581244.863
1159	610012.6631	5581244.863
1160	614012.6631	5581244.863
1161	618012.6631	5581244.863
1162	622012.6631	5581244.863
1163	626012.6631	5581244.863
1164	630012.6631	5581244.863
1165	634012.6631	5581244.863
1166	638012.6631	5581244.863
1167	642012.6631	5581244.863
1168	646012.6631	5581244.863
1169	650012.6631	5581244.863
1170	654012.6631	5581244.863
1171	658012.6631	5581244.863
1172	662012.6631	5581244.863
1173	666012.6631	5581244.863
1174	670012.6631	5581244.863
1175	674012.6631	5581244.863
1176	678012.6631	5581244.863
1177	682012.6631	5581244.863
1178	686012.6631	5581244.863
1179	690012.6631	5581244.863
1180	694012.6631	5581244.863
1181	698012.6631	5581244.863
1182	702012.6631	5581244.863
1183	706012.6631	5581244.863
1184	710012.6631	5581244.863
1198	602012.6631	5577244.863
1199	606012.6631	5577244.863
1200	610012.6631	5577244.863
1201	614012.6631	5577244.863
1202	618012.6631	5577244.863
1203	622012.6631	5577244.863
1204	626012.6631	5577244.863
1205	630012.6631	5577244.863
1206	634012.6631	5577244.863
1207	638012.6631	5577244.863
1208	642012.6631	5577244.863
1209	646012.6631	5577244.863
1210	650012.6631	5577244.863
1211	654012.6631	5577244.863
1212	658012.6631	5577244.863
1213	662012.6631	5577244.863
1214	666012.6631	5577244.863
1215	670012.6631	5577244.863
1216	674012.6631	5577244.863
1217	678012.6631	5577244.863
1218	682012.6631	5577244.863
1219	686012.6631	5577244.863
1220	690012.6631	5577244.863
1221	694012.6631	5577244.863
1222	698012.6631	5577244.863
1223	702012.6631	5577244.863
1224	706012.6631	5577244.863
1225	710012.6631	5577244.863
1241	610012.6631	5573244.863
1242	614012.6631	5573244.863
1243	618012.6631	5573244.863
1244	622012.6631	5573244.863
1245	626012.6631	5573244.863
1246	630012.6631	5573244.863
1247	634012.6631	5573244.863
1248	638012.6631	5573244.863
1249	642012.6631	5573244.863
1250	646012.6631	5573244.863
1251	650012.6631	5573244.863
1252	654012.6631	5573244.863
1253	658012.6631	5573244.863
1254	662012.6631	5573244.863
1255	666012.6631	5573244.863
1256	670012.6631	5573244.863
1257	674012.6631	5573244.863
1258	678012.6631	5573244.863
1259	682012.6631	5573244.863
1260	686012.6631	5573244.863
1261	690012.6631	5573244.863
1262	694012.6631	5573244.863
1263	698012.6631	5573244.863
1264	702012.6631	5573244.863
1265	706012.6631	5573244.863
1266	710012.6631	5573244.863
1284	618012.6631	5569244.863
1285	622012.6631	5569244.863
1286	626012.6631	5569244.863
1287	630012.6631	5569244.863
1288	634012.6631	5569244.863
1289	638012.6631	5569244.863
1290	642012.6631	5569244.863
1291	646012.6631	5569244.863
1292	650012.6631	5569244.863
1293	654012.6631	5569244.863
1294	658012.6631	5569244.863
1295	662012.6631	5569244.863
1296	666012.6631	5569244.863
1297	670012.6631	5569244.863
1298	674012.6631	5569244.863
1299	678012.6631	5569244.863
1300	682012.6631	5569244.863
1301	686012.6631	5569244.863
1302	690012.6631	5569244.863
1303	694012.6631	5569244.863
1304	698012.6631	5569244.863
1305	702012.6631	5569244.863
1306	706012.6631	5569244.863
1307	710012.6631	5569244.863
1326	622012.6631	5565244.863
1327	626012.6631	5565244.863
1328	630012.6631	5565244.863
1329	634012.6631	5565244.863
1330	638012.6631	5565244.863
1331	642012.6631	5565244.863
1332	646012.6631	5565244.863
1333	650012.6631	5565244.863
1334	654012.6631	5565244.863
1335	658012.6631	5565244.863
1336	662012.6631	5565244.863
1337	666012.6631	5565244.863
1338	670012.6631	5565244.863
1339	674012.6631	5565244.863
1340	678012.6631	5565244.863
1341	682012.6631	5565244.863
1342	686012.6631	5565244.863
1343	690012.6631	5565244.863
1344	694012.6631	5565244.863
1345	698012.6631	5565244.863
1346	702012.6631	5565244.863
1347	706012.6631	5565244.863
1348	710012.6631	5565244.863
1369	630012.6631	5561244.863
1370	634012.6631	5561244.863
1371	638012.6631	5561244.863
1372	642012.6631	5561244.863
1373	646012.6631	5561244.863
1374	650012.6631	5561244.863
1375	654012.6631	5561244.863
1376	658012.6631	5561244.863
1377	662012.6631	5561244.863
1378	666012.6631	5561244.863
1379	670012.6631	5561244.863
1380	674012.6631	5561244.863
1381	678012.6631	5561244.863
1382	682012.6631	5561244.863
1383	686012.6631	5561244.863
1384	690012.6631	5561244.863
1385	694012.6631	5561244.863
1386	698012.6631	5561244.863
1387	702012.6631	5561244.863
1388	706012.6631	5561244.863
1389	710012.6631	5561244.863
1410	630012.6631	5557244.863
1411	634012.6631	5557244.863
1412	638012.6631	5557244.863
1413	642012.6631	5557244.863
1414	646012.6631	5557244.863
1415	650012.6631	5557244.863
1416	654012.6631	5557244.863
1417	658012.6631	5557244.863
1418	662012.6631	5557244.863
1419	666012.6631	5557244.863
1420	670012.6631	5557244.863
1421	674012.6631	5557244.863
1422	678012.6631	5557244.863
1423	682012.6631	5557244.863
1424	686012.6631	5557244.863
1425	690012.6631	5557244.863
1426	694012.6631	5557244.863
1427	698012.6631	5557244.863
1428	702012.6631	5557244.863
1429	706012.6631	5557244.863
1430	710012.6631	5557244.863
1452	634012.6631	5553244.863
1453	638012.6631	5553244.863
1454	642012.6631	5553244.863
1455	646012.6631	5553244.863
1456	650012.6631	5553244.863
1457	654012.6631	5553244.863
1458	658012.6631	5553244.863
1459	662012.6631	5553244.863
1460	666012.6631	5553244.863
1461	670012.6631	5553244.863
1462	674012.6631	5553244.863
1463	678012.6631	5553244.863
1464	682012.6631	5553244.863
1465	686012.6631	5553244.863
1466	690012.6631	5553244.863
1467	694012.6631	5553244.863
1468	698012.6631	5553244.863
1469	702012.6631	5553244.863
1470	706012.6631	5553244.863
1493	634012.6631	5549244.863
1494	638012.6631	5549244.863
1495	642012.6631	5549244.863
1496	646012.6631	5549244.863
1497	650012.6631	5549244.863
1498	654012.6631	5549244.863
1499	658012.6631	5549244.863
1500	662012.6631	5549244.863
1501	666012.6631	5549244.863
1502	670012.6631	5549244.863
1503	674012.6631	5549244.863
1504	678012.6631	5549244.863
1505	682012.6631	5549244.863
1506	686012.6631	5549244.863
1507	690012.6631	5549244.863
1508	694012.6631	5549244.863
1509	698012.6631	5549244.863
1510	702012.6631	5549244.863
1511	706012.6631	5549244.863
1535	638012.6631	5545244.863
1536	642012.6631	5545244.863
1537	646012.6631	5545244.863
1538	650012.6631	5545244.863
1539	654012.6631	5545244.863
1540	658012.6631	5545244.863
1541	662012.6631	5545244.863
1542	666012.6631	5545244.863
1543	670012.6631	5545244.863
1544	674012.6631	5545244.863
1545	678012.6631	5545244.863
1546	682012.6631	5545244.863
1547	686012.6631	5545244.863
1548	690012.6631	5545244.863
1549	694012.6631	5545244.863
1550	698012.6631	5545244.863
1551	702012.6631	5545244.863
1577	642012.6631	5541244.863
1578	646012.6631	5541244.863
1579	650012.6631	5541244.863
1580	654012.6631	5541244.863
1581	658012.6631	5541244.863
1582	662012.6631	5541244.863
1583	666012.6631	5541244.863
1584	670012.6631	5541244.863
1585	674012.6631	5541244.863
1586	678012.6631	5541244.863
1587	682012.6631	5541244.863
1588	686012.6631	5541244.863
1589	690012.6631	5541244.863
1590	694012.6631	5541244.863
1591	698012.6631	5541244.863
1592	702012.6631	5541244.863
1619	646012.6631	5537244.863
1620	650012.6631	5537244.863
1621	654012.6631	5537244.863
1622	658012.6631	5537244.863
1623	662012.6631	5537244.863
1624	666012.6631	5537244.863
1625	670012.6631	5537244.863
1626	674012.6631	5537244.863
1627	678012.6631	5537244.863
1628	682012.6631	5537244.863
1629	686012.6631	5537244.863
1630	690012.6631	5537244.863
1631	694012.6631	5537244.863
1632	698012.6631	5537244.863
1661	650012.6631	5533244.863
1662	654012.6631	5533244.863
1663	658012.6631	5533244.863
1664	662012.6631	5533244.863
1665	666012.6631	5533244.863
1666	670012.6631	5533244.863
1667	674012.6631	5533244.863
1668	678012.6631	5533244.863
1669	682012.6631	5533244.863
1670	686012.6631	5533244.863
1671	690012.6631	5533244.863
1672	694012.6631	5533244.863
1704	658012.6631	5529244.863
1705	662012.6631	5529244.863
1706	666012.6631	5529244.863
1707	670012.6631	5529244.863
1708	674012.6631	5529244.863
1709	678012.6631	5529244.863
1710	682012.6631	5529244.863
1711	686012.6631	5529244.863
